67,3
67,2
67,1
67,0
66,3
38,3
3,3
3,2
2,3
1,3
0,495
0,409
0,323
0,308
0,307
0,243
0,9
0,1
0,418
0,300
0,417
0,299
0,416
0,298
0,466
0,297
0,465
0,414
0,296
0,413
0,295
0,294
0,412
0,293
0,411
0,292
0,410
0,291
0,290
0,462
0,289
0,406
0,288
0,287
0,405
0,286
0,404
0,285
0,403
0,284
0,402
0,283
0,401
0,282
0,400
0,281
0,280
0,399
0,279
0,398
0,278
0,397
0,277
0,396
0,276
0,275
0,395
0,274
0,394
0,273
0,455
0,393
0,272
0,392
0,271
0,391
0,270
0,390
0,269
0,491
0,268
0,389
0,267
0,388
0,266
0,387
0,265
0,450
0,264
0,263
0,384
0,262
0,449
0,261
0,383
0,260
0,382
0,259
0,381
0,258
0,488
0,380
0,257
0,487
0,256
0,378
0,255
0,254
0,377
0,253
0,376
0,252
0,375
0,251
0,374
0,250
0,446
0,249
0,373
0,248
0,372
0,247
0,371
0,246
0,370
0,245
0,369
0,244
0,368
0,242
0,367
0,241
0,366
0,240
0,365
0,239
0,364
0,238
0,363
0,237
0,362
0,236
0,361
0,235
0,360
0,234
0,359
0,233
0,530
0,358
0,232
0,522
0,231
0,356
0,230
0,478
0,229
0,355
0,228
0,354
0,227
0,353
0,226
0,438
0,225
0,515
0,224
0,350
0,223
0,437
0,222
0,349
0,221
0,348
0,220
0,347
0,219
0,346
0,218
0,475
0,217
0,345
0,216
0,344
0,215
0,343
0,214
0,517
0,213
0,511
0,212
0,340
0,211
0,516
0,473
0,210
0,472
0,339
0,209
0,338
0,208
0,337
0,207
0,336
0,206
0,205
0,335
0,204
0,334
0,203
0,333
0,202
0,332
0,201
0,432
0,200
0,331
0,199
0,330
0,198
0,327
0,197
0,470
0,196
0,429
0,195
0,428
0,194
0,427
0,193
0,326
0,192
0,325
0,63
0,324
0,62
0,426
0,322
0,61
0,425
0,321
0,60
0,320
0,59
0,58
0,57
0,318
0,56
0,317
0,55
0,422
0,54
0,421
0,53
0,314
0,52
0,467
0,51
0,313
0,50
0,312
0,49
0,311
0,48
0,47
0,46
0,45
0,301
0,6
0,0
0,5
0,304
0,303
0,531
0,305
0,302
0,12
0,10
0,8
0,11
0,2
0,4
0,3
0,7
